1 1
1 5
1 9
1 44
2 1
2 2
2 9
2 44
3 3
4 4
5 5
5 15
5 28
5 35
6 4
6 6
7 7
7 39
8 21
8 31
8 41
9 8
9 18
9 28
10 9
10 19
11 10
11 33
12 11
12 19
13 12
13 40
14 13
14 16
15 14
15 34
16 15
16 28
16 46
17 16
17 47
18 2
18 17
18 37
18 42
18 44
19 8
19 18
19 35
20 1
20 5
20 15
20 19
21 13
21 20
21 39
22 7
22 21
22 30
22 36
23 22
24 23
25 10
25 24
26 11
26 20
26 25
27 26
28 27
29 15
29 28
30 4
30 29
30 35
31 30
31 34
32 31
32 36
33 6
33 32
34 33
34 38
35 7
35 30
35 34
36 28
36 29
36 35
37 24
37 36
38 5
38 17
38 37
38 44
39 33
39 38
40 13
40 14
40 34
40 39
41 40
42 12
42 41
43 17
43 42
44 11
44 47
45 32
45 43
46 2
46 37
46 44
47 42
47 45
48 15
48 25
48 46
